version https://git-lfs.github.com/spec/v1
oid sha256:3c28d0d3c580e6d991821fd99a48702a99e42ea7e37998a597fa03b02a546188
size 139
